-351,541,-257,0,0,0,0,0,0
-168,-9,-253,0,0,0,0,0,0
-877,-475,860,0,0,0,0,0,0
-722,87,-654,0,0,0,0,0,0
158,-727,348,0,0,0,0,0,0
-620,-32,-419,0,0,0,0,0,0
-797,-712,877,0,0,0,0,0,0
-318,83,258,0,0,0,0,0,0
-881,686,-985,0,0,0,0,0,0
-948,-516,24,0,0,0,0,0,0
659,-840,-595,0,0,0,0,0,0
435,-250,598,0,0,0,0,0,0
536,-841,354,0,0,0,0,0,0
-645,-252,-598,0,0,0,0,0,0
259,414,639,0,0,0,0,0,0
-841,346,-796,0,0,0,0,0,0
-230,-275,-178,0,0,0,0,0,0
-764,-200,-908,0,0,0,0,0,0
-818,-70,242,0,0,0,0,0,0
-783,-704,-166,0,0,0,0,0,0
-900,-809,389,0,0,0,0,0,0
38,893,-291,0,0,0,0,0,0
-500,-171,84,0,0,0,0,0,0
109,191,-351,0,0,0,0,0,0
58,156,-325,0,0,0,0,0,0
-728,-777,890,0,0,0,0,0,0
561,654,-612,0,0,0,0,0,0
-546,847,368,0,0,0,0,0,0
637,477,372,0,0,0,0,0,0
989,914,-368,0,0,0,0,0,0
797,-809,-558,0,0,0,0,0,0
880,612,-181,0,0,0,0,0,0
-30,-862,-48,0,0,0,0,0,0
339,-810,626,0,0,0,0,0,0
-417,573,-553,0,0,0,0,0,0
421,341,-986,0,0,0,0,0,0
-701,-532,-291,0,0,0,0,0,0
-676,694,756,0,0,0,0,0,0
279,-575,-286,0,0,0,0,0,0
-579,172,-24,0,0,0,0,0,0
-276,686,-47,0,0,0,0,0,0
999,-389,833,0,0,0,0,0,0
409,-127,207,0,0,0,0,0,0
732,-449,-64,0,0,0,0,0,0
841,-116,-813,0,0,0,0,0,0
243,642,219,0,0,0,0,0,0
-471,327,-767,0,0,0,0,0,0
615,604,220,0,0,0,0,0,0
-742,-560,839,0,0,0,0,0,0
189,-780,675,0,0,0,0,0,0
-934,247,731,0,0,0,0,0,0
17,-224,322,0,0,0,0,0,0
682,920,-687,0,0,0,0,0,0
-238,950,822,0,0,0,0,0,0
-947,538,62,0,0,0,0,0,0
-441,198,-916,0,0,0,0,0,0
-679,-529,54,0,0,0,0,0,0
-916,-807,729,0,0,0,0,0,0
-552,76,-664,0,0,0,0,0,0
-518,252,907,0,0,0,0,0,0
-896,213,-101,0,0,0,0,0,0
-746,496,-170,0,0,0,0,0,0
-276,982,266,0,0,0,0,0,0
386,-190,-149,0,0,0,0,0,0
-648,-745,634,0,0,0,0,0,0
-636,588,483,0,0,0,0,0,0
682,-807,-398,0,0,0,0,0,0
-588,-483,693,0,0,0,0,0,0
-751,-377,-773,0,0,0,0,0,0
488,-418,-189,0,0,0,0,0,0
-897,390,799,0,0,0,0,0,0
-12,846,-836,0,0,0,0,0,0
-867,828,580,0,0,0,0,0,0
31,195,-124,0,0,0,0,0,0
260,-150,553,0,0,0,0,0,0
-742,-933,-816,0,0,0,0,0,0
-993,147,894,0,0,0,0,0,0
320,-666,570,0,0,0,0,0,0
436,-818,-985,0,0,0,0,0,0
23,-113,652,0,0,0,0,0,0
-90,-764,325,0,0,0,0,0,0
-606,867,-148,0,0,0,0,0,0
-228,961,-558,0,0,0,0,0,0
793,-453,352,0,0,0,0,0,0
-660,-8,-826,0,0,0,0,0,0
449,-775,-507,0,0,0,0,0,0
-256,717,-623,0,0,0,0,0,0
436,344,995,0,0,0,0,0,0
-727,-877,166,0,0,0,0,0,0
-630,487,65,0,0,0,0,0,0
718,-783,941,0,0,0,0,0,0
689,-355,733,0,0,0,0,0,0
559,166,-634,0,0,0,0,0,0
-561,-997,810,0,0,0,0,0,0
-238,215,-874,0,0,0,0,0,0
481,-518,-821,0,0,0,0,0,0
962,783,429,0,0,0,0,0,0
-387,621,-741,0,0,0,0,0,0
-778,-233,-449,0,0,0,0,0,0
-848,563,-500,0,0,0,0,0,0
209,756,433,0,0,0,0,0,0
-145,-147,-920,0,0,0,0,0,0
679,-60,23,0,0,0,0,0,0
430,576,-853,0,0,0,0,0,0
946,615,213,0,0,0,0,0,0
-718,-768,-881,0,0,0,0,0,0
-13,331,91,0,0,0,0,0,0
-807,564,559,0,0,0,0,0,0
-860,-955,-465,0,0,0,0,0,0
813,-265,847,0,0,0,0,0,0
468,684,949,0,0,0,0,0,0
-241,721,-182,0,0,0,0,0,0
-521,692,-507,0,0,0,0,0,0
86,415,597,0,0,0,0,0,0
-240,179,-988,0,0,0,0,0,0
-767,484,648,0,0,0,0,0,0
565,-85,487,0,0,0,0,0,0
-387,966,884,0,0,0,0,0,0
605,-31,3,0,0,0,0,0,0
295,-411,359,0,0,0,0,0,0
-1,-422,960,0,0,0,0,0,0
924,737,990,0,0,0,0,0,0
-981,313,232,0,0,0,0,0,0
-73,710,-160,0,0,0,0,0,0
770,-734,-714,0,0,0,0,0,0
556,-388,915,0,0,0,0,0,0
-877,-804,529,0,0,0,0,0,0
-628,73,-754,0,0,0,0,0,0
-739,-561,-853,0,0,0,0,0,0
49,-646,546,0,0,0,0,0,0
452,-278,-950,0,0,0,0,0,0
-223,606,812,0,0,0,0,0,0
338,447,-863,0,0,0,0,0,0
-421,-823,-275,0,0,0,0,0,0
496,-545,-972,0,0,0,0,0,0
873,650,-428,0,0,0,0,0,0
744,-170,-861,0,0,0,0,0,0
824,-623,-85,0,0,0,0,0,0
-773,622,50,0,0,0,0,0,0
627,-28,-933,0,0,0,0,0,0
-811,-718,-220,0,0,0,0,0,0
-653,-114,-304,0,0,0,0,0,0
-658,-717,487,0,0,0,0,0,0
131,481,-195,0,0,0,0,0,0
175,-387,-981,0,0,0,0,0,0
-291,-12,160,0,0,0,0,0,0
-278,-506,-552,0,0,0,0,0,0
908,606,179,0,0,0,0,0,0
-152,442,122,0,0,0,0,0,0
120,644,-638,0,0,0,0,0,0
-534,-945,-830,0,0,0,0,0,0
952,-331,263,0,0,0,0,0,0
722,-168,-265,0,0,0,0,0,0
-80,962,-626,0,0,0,0,0,0
864,-349,768,0,0,0,0,0,0
-63,-508,591,0,0,0,0,0,0
499,458,112,0,0,0,0,0,0
-846,-908,853,0,0,0,0,0,0
70,-435,-719,0,0,0,0,0,0
253,21,-187,0,0,0,0,0,0
71,668,-631,0,0,0,0,0,0
-765,622,-566,0,0,0,0,0,0
736,541,819,0,0,0,0,0,0
791,974,32,0,0,0,0,0,0
315,-116,-473,0,0,0,0,0,0
-775,-142,181,0,0,0,0,0,0
-703,222,-566,0,0,0,0,0,0
-968,556,-359,0,0,0,0,0,0
-73,256,364,0,0,0,0,0,0
250,415,-172,0,0,0,0,0,0
-512,916,-322,0,0,0,0,0,0
711,-690,-787,0,0,0,0,0,0
289,759,887,0,0,0,0,0,0
545,-854,-769,0,0,0,0,0,0
23,134,-602,0,0,0,0,0,0
664,-963,-433,0,0,0,0,0,0
-355,685,-127,0,0,0,0,0,0
426,331,815,0,0,0,0,0,0
540,775,-114,0,0,0,0,0,0
-280,350,-794,0,0,0,0,0,0
641,-58,664,0,0,0,0,0,0
326,-411,127,0,0,0,0,0,0
158,-960,-391,0,0,0,0,0,0
-758,-174,532,0,0,0,0,0,0
-334,-426,196,0,0,0,0,0,0
-528,-269,-830,0,0,0,0,0,0
569,-897,-931,0,0,0,0,0,0
-696,-504,729,0,0,0,0,0,0
-105,511,305,0,0,0,0,0,0
-51,736,-168,0,0,0,0,0,0
29,-220,573,0,0,0,0,0,0
914,776,-204,0,0,0,0,0,0
679,-539,-701,0,0,0,0,0,0
-798,89,728,0,0,0,0,0,0
-170,-599,249,0,0,0,0,0,0
881,697,813,0,0,0,0,0,0
-564,105,-709,0,0,0,0,0,0
-6,-128,184,0,0,0,0,0,0
-841,-443,300,0,0,0,0,0,0
-162,-269,-451,0,0,0,0,0,0
-566,-523,-421,0,0,0,0,0,0
68,803,315,0,0,0,0,0,0
-964,3,-48,0,0,0,0,0,0
78,952,27,0,0,0,0,0,0
-380,298,872,0,0,0,0,0,0
77,-210,916,0,0,0,0,0,0
-614,-644,508,0,0,0,0,0,0
-136,-200,-608,0,0,0,0,0,0
683,-298,760,0,0,0,0,0,0
89,-815,-452,0,0,0,0,0,0
431,896,412,0,0,0,0,0,0
-995,-903,32,0,0,0,0,0,0
-241,568,-25,0,0,0,0,0,0
645,-721,-864,0,0,0,0,0,0
469,579,-560,0,0,0,0,0,0
-311,-802,-471,0,0,0,0,0,0
-507,198,172,0,0,0,0,0,0
-661,-536,982,0,0,0,0,0,0
387,78,984,0,0,0,0,0,0
-559,-814,-163,0,0,0,0,0,0
-44,-935,953,0,0,0,0,0,0
-392,929,-819,0,0,0,0,0,0
-225,25,726,0,0,0,0,0,0
-614,746,-128,0,0,0,0,0,0
623,515,612,0,0,0,0,0,0
200,37,-578,0,0,0,0,0,0
134,-638,-223,0,0,0,0,0,0
90,695,900,0,0,0,0,0,0
-948,-322,268,0,0,0,0,0,0
98,-151,380,0,0,0,0,0,0
-116,-829,-499,0,0,0,0,0,0
-498,700,904,0,0,0,0,0,0
-707,430,-944,0,0,0,0,0,0
922,984,-764,0,0,0,0,0,0
631,-119,671,0,0,0,0,0,0
-839,-879,-522,0,0,0,0,0,0
380,-402,266,0,0,0,0,0,0
200,910,462,0,0,0,0,0,0
300,919,516,0,0,0,0,0,0
574,-148,395,0,0,0,0,0,0
-461,249,-577,0,0,0,0,0,0
56,-750,-489,0,0,0,0,0,0
-823,-589,530,0,0,0,0,0,0
-310,-341,-310,0,0,0,0,0,0
-528,-47,-163,0,0,0,0,0,0
-371,260,176,0,0,0,0,0,0
-578,-855,-807,0,0,0,0,0,0
-458,751,-138,0,0,0,0,0,0
-838,128,-520,0,0,0,0,0,0
-561,-29,43,0,0,0,0,0,0
223,-510,221,0,0,0,0,0,0
-380,-289,-574,0,0,0,0,0,0
197,-48,975,0,0,0,0,0,0
-772,689,40,0,0,0,0,0,0
-522,124,961,0,0,0,0,0,0
-634,-406,751,0,0,0,0,0,0
41,-254,-626,0,0,0,0,0,0
832,-785,105,0,0,0,0,0,0
-812,-529,-567,0,0,0,0,0,0
308,485,903,0,0,0,0,0,0
-992,611,-541,0,0,0,0,0,0
-765,869,-354,0,0,0,0,0,0
-443,-120,-894,0,0,0,0,0,0
-113,441,-602,0,0,0,0,0,0
844,-758,-211,0,0,0,0,0,0
78,-243,799,0,0,0,0,0,0
-279,-453,-835,0,0,0,0,0,0
-338,-920,-203,0,0,0,0,0,0
-595,154,855,0,0,0,0,0,0
737,-902,-404,0,0,0,0,0,0
-46,259,753,0,0,0,0,0,0
557,-416,-827,0,0,0,0,0,0
689,491,-224,0,0,0,0,0,0
-549,91,446,0,0,0,0,0,0
-471,111,-287,0,0,0,0,0,0
212,292,663,0,0,0,0,0,0
250,-51,-154,0,0,0,0,0,0
695,-249,290,0,0,0,0,0,0
-165,828,-665,0,0,0,0,0,0
-554,-477,194,0,0,0,0,0,0
-145,-914,737,0,0,0,0,0,0
371,-995,924,0,0,0,0,0,0
352,-885,-986,0,0,0,0,0,0
-672,134,-172,0,0,0,0,0,0
351,-583,-19,0,0,0,0,0,0
914,-687,-679,0,0,0,0,0,0
356,-45,465,0,0,0,0,0,0
662,-994,709,0,0,0,0,0,0
-670,574,344,0,0,0,0,0,0
-919,-229,-791,0,0,0,0,0,0
476,-460,-394,0,0,0,0,0,0
-22,-602,495,0,0,0,0,0,0
-145,862,-520,0,0,0,0,0,0
894,468,-128,0,0,0,0,0,0
-508,650,-28,0,0,0,0,0,0
771,233,-108,0,0,0,0,0,0
-465,-455,-339,0,0,0,0,0,0
-32,-509,495,0,0,0,0,0,0
284,936,-262,0,0,0,0,0,0
846,467,-888,0,0,0,0,0,0
191,556,-781,0,0,0,0,0,0
814,-464,-573,0,0,0,0,0,0
-698,512,577,0,0,0,0,0,0
-657,-841,726,0,0,0,0,0,0
709,-560,651,0,0,0,0,0,0
-509,-429,116,0,0,0,0,0,0
-945,-546,619,0,0,0,0,0,0
-768,-855,704,0,0,0,0,0,0
394,-686,-391,0,0,0,0,0,0
-923,-748,-824,0,0,0,0,0,0
-38,939,-103,0,0,0,0,0,0
371,-410,764,0,0,0,0,0,0
-573,-305,-623,0,0,0,0,0,0
-267,-429,792,0,0,0,0,0,0
-478,-741,-917,0,0,0,0,0,0
-257,981,409,0,0,0,0,0,0
-320,-835,997,0,0,0,0,0,0
-590,76,-192,0,0,0,0,0,0
-998,-302,-433,0,0,0,0,0,0
-465,-847,227,0,0,0,0,0,0
415,-563,604,0,0,0,0,0,0
93,907,613,0,0,0,0,0,0
718,-90,806,0,0,0,0,0,0
10,-803,646,0,0,0,0,0,0
-677,855,-726,0,0,0,0,0,0
738,546,-242,0,0,0,0,0,0
-756,529,402,0,0,0,0,0,0
549,402,-556,0,0,0,0,0,0
-635,-951,-608,0,0,0,0,0,0
-571,-975,-736,0,0,0,0,0,0
631,751,-606,0,0,0,0,0,0
-997,234,-751,0,0,0,0,0,0
206,780,-274,0,0,0,0,0,0
-915,355,-296,0,0,0,0,0,0
-912,-707,-408,0,0,0,0,0,0
453,264,235,0,0,0,0,0,0
697,-829,766,0,0,0,0,0,0
29,416,205,0,0,0,0,0,0
795,774,903,0,0,0,0,0,0
973,973,-164,0,0,0,0,0,0
-575,-231,294,0,0,0,0,0,0
882,-249,-645,0,0,0,0,0,0
-136,-560,-912,0,0,0,0,0,0
-117,-300,-146,0,0,0,0,0,0
-202,160,906,0,0,0,0,0,0
-361,-662,140,0,0,0,0,0,0
624,-74,-256,0,0,0,0,0,0
605,768,804,0,0,0,0,0,0
90,-578,-559,0,0,0,0,0,0
404,-915,616,0,0,0,0,0,0
-515,785,943,0,0,0,0,0,0
-56,989,801,0,0,0,0,0,0
-656,482,-302,0,0,0,0,0,0
-216,-961,36,0,0,0,0,0,0
-624,-407,695,0,0,0,0,0,0
264,871,-564,0,0,0,0,0,0
-212,-35,-625,0,0,0,0,0,0
667,-478,-939,0,0,0,0,0,0
-690,251,348,0,0,0,0,0,0
-614,74,-730,0,0,0,0,0,0
736,721,787,0,0,0,0,0,0
669,-573,260,0,0,0,0,0,0
-365,-385,-819,0,0,0,0,0,0
24,217,925,0,0,0,0,0,0
-493,-67,-409,0,0,0,0,0,0
-886,957,248,0,0,0,0,0,0
-390,-890,65,0,0,0,0,0,0
96,-691,117,0,0,0,0,0,0
-678,-902,680,0,0,0,0,0,0
503,-11,525,0,0,0,0,0,0
-519,144,-921,0,0,0,0,0,0
927,281,-590,0,0,0,0,0,0
673,-663,-202,0,0,0,0,0,0
777,-599,24,0,0,0,0,0,0
687,196,-412,0,0,0,0,0,0
330,361,-397,0,0,0,0,0,0
736,428,797,0,0,0,0,0,0
-400,-37,-172,0,0,0,0,0,0
404,870,-187,0,0,0,0,0,0
-586,-587,-130,0,0,0,0,0,0
-934,-453,554,0,0,0,0,0,0
72,148,-236,0,0,0,0,0,0
710,435,377,0,0,0,0,0,0
-558,-175,-379,0,0,0,0,0,0
-433,-906,617,0,0,0,0,0,0
-335,-628,-546,0,0,0,0,0,0
-5,-161,912,0,0,0,0,0,0
-733,431,42,0,0,0,0,0,0
-777,755,-30,0,0,0,0,0,0
611,969,-1000,0,0,0,0,0,0
-446,-321,511,0,0,0,0,0,0
-637,-567,-59,0,0,0,0,0,0
514,-56,567,0,0,0,0,0,0
434,357,463,0,0,0,0,0,0
-704,-508,-264,0,0,0,0,0,0
-966,-367,-955,0,0,0,0,0,0
698,-45,-279,0,0,0,0,0,0
845,-929,938,0,0,0,0,0,0
-529,610,-727,0,0,0,0,0,0
-68,253,-396,0,0,0,0,0,0
-56,493,-673,0,0,0,0,0,0
-726,133,-451,0,0,0,0,0,0
-409,-717,-349,0,0,0,0,0,0
-523,38,89,0,0,0,0,0,0
474,478,596,0,0,0,0,0,0
477,16,580,0,0,0,0,0,0
-840,-630,362,0,0,0,0,0,0
-689,823,-855,0,0,0,0,0,0
584,-543,646,0,0,0,0,0,0
960,778,944,0,0,0,0,0,0
-908,783,-500,0,0,0,0,0,0
-776,-894,950,0,0,0,0,0,0
104,387,784,0,0,0,0,0,0
822,723,12,0,0,0,0,0,0
378,929,381,0,0,0,0,0,0
-889,-301,-59,0,0,0,0,0,0
354,-562,-572,0,0,0,0,0,0
298,712,473,0,0,0,0,0,0
442,763,392,0,0,0,0,0,0
881,552,763,0,0,0,0,0,0
450,-338,-645,0,0,0,0,0,0
532,486,656,0,0,0,0,0,0
-313,422,-111,0,0,0,0,0,0
-986,754,-625,0,0,0,0,0,0
-456,-471,879,0,0,0,0,0,0
643,459,180,0,0,0,0,0,0
388,-835,-40,0,0,0,0,0,0
-849,-907,-693,0,0,0,0,0,0
953,-700,-800,0,0,0,0,0,0
-395,-418,901,0,0,0,0,0,0
840,154,98,0,0,0,0,0,0
512,764,-706,0,0,0,0,0,0
664,-222,561,0,0,0,0,0,0
-311,397,168,0,0,0,0,0,0
-649,-398,904,0,0,0,0,0,0
360,-973,-33,0,0,0,0,0,0
-671,-393,672,0,0,0,0,0,0
-627,353,976,0,0,0,0,0,0
-737,-431,621,0,0,0,0,0,0
-932,679,685,0,0,0,0,0,0
-129,653,188,0,0,0,0,0,0
200,241,31,0,0,0,0,0,0
697,-306,578,0,0,0,0,0,0
-899,146,102,0,0,0,0,0,0
123,482,150,0,0,0,0,0,0
-516,-280,-691,0,0,0,0,0,0
80,-197,772,0,0,0,0,0,0
170,-466,512,0,0,0,0,0,0
703,-840,419,0,0,0,0,0,0
-989,-312,-774,0,0,0,0,0,0
203,-95,-37,0,0,0,0,0,0
-570,405,-542,0,0,0,0,0,0
-602,705,320,0,0,0,0,0,0
-335,994,-422,0,0,0,0,0,0
-177,621,573,0,0,0,0,0,0
848,742,920,0,0,0,0,0,0
608,-187,436,0,0,0,0,0,0
-592,-496,552,0,0,0,0,0,0
-125,240,-381,0,0,0,0,0,0
291,825,-858,0,0,0,0,0,0
-592,-31,13,0,0,0,0,0,0
-937,-841,909,0,0,0,0,0,0
346,814,-282,0,0,0,0,0,0
176,-729,350,0,0,0,0,0,0
-149,-479,201,0,0,0,0,0,0
-472,95,900,0,0,0,0,0,0
-97,-517,-275,0,0,0,0,0,0
-632,-817,562,0,0,0,0,0,0
915,-338,-354,0,0,0,0,0,0
-794,-284,86,0,0,0,0,0,0
-424,220,-865,0,0,0,0,0,0
-278,-974,499,0,0,0,0,0,0
-491,966,777,0,0,0,0,0,0
-983,-700,492,0,0,0,0,0,0
-465,-239,62,0,0,0,0,0,0
954,313,511,0,0,0,0,0,0
-544,613,639,0,0,0,0,0,0
-290,657,-917,0,0,0,0,0,0
797,891,488,0,0,0,0,0,0
886,-589,578,0,0,0,0,0,0
-813,883,-773,0,0,0,0,0,0
301,592,458,0,0,0,0,0,0
-816,-478,616,0,0,0,0,0,0
-390,-712,370,0,0,0,0,0,0
-435,660,984,0,0,0,0,0,0
586,853,-625,0,0,0,0,0,0
-333,629,-887,0,0,0,0,0,0
55,193,-784,0,0,0,0,0,0
-114,-753,592,0,0,0,0,0,0
-622,-656,946,0,0,0,0,0,0
362,220,-704,0,0,0,0,0,0
447,334,-502,0,0,0,0,0,0
-227,922,-523,0,0,0,0,0,0
-38,-870,232,0,0,0,0,0,0
-913,824,852,0,0,0,0,0,0
-25,-219,-821,0,0,0,0,0,0
-677,-877,349,0,0,0,0,0,0
85,-123,-132,0,0,0,0,0,0
429,5,-568,0,0,0,0,0,0
348,-765,-412,0,0,0,0,0,0
-738,468,-814,0,0,0,0,0,0
729,207,535,0,0,0,0,0,0
222,-664,443,0,0,0,0,0,0
232,458,44,0,0,0,0,0,0
-746,-770,905,0,0,0,0,0,0
534,740,-540,0,0,0,0,0,0
-847,698,-732,0,0,0,0,0,0
-445,-699,290,0,0,0,0,0,0
20,385,351,0,0,0,0,0,0
214,80,-287,0,0,0,0,0,0
621,277,749,0,0,0,0,0,0
-152,-429,-828,0,0,0,0,0,0
887,-506,701,0,0,0,0,0,0
-799,522,148,0,0,0,0,0,0
-76,749,276,0,0,0,0,0,0
-482,-20,-247,0,0,0,0,0,0
-404,-229,-833,0,0,0,0,0,0
-214,-599,-739,0,0,0,0,0,0
795,-574,378,0,0,0,0,0,0
601,-318,366,0,0,0,0,0,0
753,-93,-425,0,0,0,0,0,0
827,736,201,0,0,0,0,0,0
-70,-879,-860,0,0,0,0,0,0
386,560,-831,0,0,0,0,0,0
343,-575,707,0,0,0,0,0,0
304,-657,98,0,0,0,0,0,0
-7,303,-141,0,0,0,0,0,0
733,734,576,0,0,0,0,0,0
-30,278,968,0,0,0,0,0,0
651,-105,486,0,0,0,0,0,0
-29,793,-84,0,0,0,0,0,0
-213,375,517,0,0,0,0,0,0
139,373,262,0,0,0,0,0,0
-782,-72,560,0,0,0,0,0,0
679,857,498,0,0,0,0,0,0
211,400,-984,0,0,0,0,0,0
254,-667,145,0,0,0,0,0,0
-585,-169,207,0,0,0,0,0,0
-109,846,-882,0,0,0,0,0,0
431,-187,844,0,0,0,0,0,0
-380,301,56,0,0,0,0,0,0
-565,741,-905,0,0,0,0,0,0
299,-895,331,0,0,0,0,0,0
524,-421,347,0,0,0,0,0,0
152,-187,316,0,0,0,0,0,0
-225,605,845,0,0,0,0,0,0
-326,916,-229,0,0,0,0,0,0
832,412,-38,0,0,0,0,0,0
147,-703,-567,0,0,0,0,0,0
46,88,-367,0,0,0,0,0,0
-898,-920,-197,0,0,0,0,0,0
-586,-166,418,0,0,0,0,0,0
-205,429,572,0,0,0,0,0,0
568,150,491,0,0,0,0,0,0
-339,-977,423,0,0,0,0,0,0
-289,-567,752,0,0,0,0,0,0
-641,6,329,0,0,0,0,0,0
430,-589,-60,0,0,0,0,0,0
-410,599,48,0,0,0,0,0,0
-828,-171,-813,0,0,0,0,0,0
-273,328,662,0,0,0,0,0,0
-883,746,715,0,0,0,0,0,0
905,58,673,0,0,0,0,0,0
910,340,980,0,0,0,0,0,0
714,151,579,0,0,0,0,0,0
-870,46,-866,0,0,0,0,0,0
-704,-432,181,0,0,0,0,0,0
-331,-915,-557,0,0,0,0,0,0
-811,623,-765,0,0,0,0,0,0
-203,473,697,0,0,0,0,0,0
-164,-97,699,0,0,0,0,0,0
583,-97,-489,0,0,0,0,0,0
191,-27,-934,0,0,0,0,0,0
-794,-348,932,0,0,0,0,0,0
961,-6,-321,0,0,0,0,0,0
827,-790,-892,0,0,0,0,0,0
-399,-392,258,0,0,0,0,0,0
-157,869,498,0,0,0,0,0,0
-540,61,-917,0,0,0,0,0,0
-475,-319,-467,0,0,0,0,0,0
587,741,-770,0,0,0,0,0,0
178,946,360,0,0,0,0,0,0
186,-996,-251,0,0,0,0,0,0
477,630,647,0,0,0,0,0,0
-788,824,524,0,0,0,0,0,0
-443,794,847,0,0,0,0,0,0
-293,236,-235,0,0,0,0,0,0
-480,396,-342,0,0,0,0,0,0
-139,627,136,0,0,0,0,0,0
-279,454,-631,0,0,0,0,0,0
-802,585,146,0,0,0,0,0,0
-919,752,-673,0,0,0,0,0,0
589,-717,287,0,0,0,0,0,0
-627,345,-435,0,0,0,0,0,0
-813,72,504,0,0,0,0,0,0
510,455,-271,0,0,0,0,0,0
-446,-984,-885,0,0,0,0,0,0
-468,579,630,0,0,0,0,0,0
649,723,341,0,0,0,0,0,0
-536,295,-534,0,0,0,0,0,0
-338,-425,728,0,0,0,0,0,0
621,-435,418,0,0,0,0,0,0
-661,-273,-882,0,0,0,0,0,0
994,530,-47,0,0,0,0,0,0
-283,397,619,0,0,0,0,0,0
352,509,-16,0,0,0,0,0,0
586,-36,-793,0,0,0,0,0,0
-289,107,671,0,0,0,0,0,0
463,-600,-912,0,0,0,0,0,0
-956,-795,-787,0,0,0,0,0,0
723,887,-567,0,0,0,0,0,0
-59,813,-707,0,0,0,0,0,0
-87,433,-98,0,0,0,0,0,0
449,357,317,0,0,0,0,0,0
126,-252,-868,0,0,0,0,0,0
-642,-87,-429,0,0,0,0,0,0
-999,963,-248,0,0,0,0,0,0
-970,162,995,0,0,0,0,0,0
-641,393,559,0,0,0,0,0,0
-489,756,772,0,0,0,0,0,0
-734,-524,897,0,0,0,0,0,0
723,980,-944,0,0,0,0,0,0
-985,510,-985,0,0,0,0,0,0
364,-380,662,0,0,0,0,0,0
-612,-189,993,0,0,0,0,0,0
-509,-242,77,0,0,0,0,0,0
-951,961,-866,0,0,0,0,0,0
931,315,75,0,0,0,0,0,0
84,974,-517,0,0,0,0,0,0
707,543,664,0,0,0,0,0,0
196,895,-235,0,0,0,0,0,0
188,964,764,0,0,0,0,0,0
307,-389,-983,0,0,0,0,0,0
-648,-847,-931,0,0,0,0,0,0
-342,230,-63,0,0,0,0,0,0
610,-627,-569,0,0,0,0,0,0
486,-380,-697,0,0,0,0,0,0
-539,-686,-619,0,0,0,0,0,0
-147,855,694,0,0,0,0,0,0
778,108,-785,0,0,0,0,0,0
476,270,-237,0,0,0,0,0,0
-753,771,114,0,0,0,0,0,0
408,-818,402,0,0,0,0,0,0
-949,549,320,0,0,0,0,0,0
541,492,-190,0,0,0,0,0,0
-908,627,475,0,0,0,0,0,0
693,315,247,0,0,0,0,0,0
258,-15,-711,0,0,0,0,0,0
871,710,-372,0,0,0,0,0,0
-53,-516,89,0,0,0,0,0,0
-949,-411,54,0,0,0,0,0,0
56,-216,54,0,0,0,0,0,0
960,-266,404,0,0,0,0,0,0
706,749,450,0,0,0,0,0,0
523,-17,-727,0,0,0,0,0,0
-998,-908,-406,0,0,0,0,0,0
-239,-764,-33,0,0,0,0,0,0
-734,-990,-763,0,0,0,0,0,0
-728,-546,-891,0,0,0,0,0,0
566,681,-983,0,0,0,0,0,0
-150,-828,-630,0,0,0,0,0,0
-359,546,739,0,0,0,0,0,0
115,407,485,0,0,0,0,0,0
339,661,-311,0,0,0,0,0,0
479,619,-212,0,0,0,0,0,0
507,-843,-180,0,0,0,0,0,0
311,-129,734,0,0,0,0,0,0
463,191,-452,0,0,0,0,0,0
43,-556,-170,0,0,0,0,0,0
-503,-376,206,0,0,0,0,0,0
-851,599,413,0,0,0,0,0,0
-390,-88,-64,0,0,0,0,0,0
696,162,299,0,0,0,0,0,0
-705,-722,-149,0,0,0,0,0,0
-33,-126,192,0,0,0,0,0,0
441,-986,388,0,0,0,0,0,0
897,917,312,0,0,0,0,0,0
455,-187,144,0,0,0,0,0,0
228,-689,-871,0,0,0,0,0,0
-363,745,568,0,0,0,0,0,0
82,399,355,0,0,0,0,0,0
-599,231,-990,0,0,0,0,0,0
-419,-835,-927,0,0,0,0,0,0
731,-490,554,0,0,0,0,0,0
173,-544,-277,0,0,0,0,0,0
-474,-15,-967,0,0,0,0,0,0
-983,-187,657,0,0,0,0,0,0
-239,356,344,0,0,0,0,0,0
815,-540,-548,0,0,0,0,0,0
-899,-584,805,0,0,0,0,0,0
910,-318,-218,0,0,0,0,0,0
-425,273,-474,0,0,0,0,0,0
140,382,5,0,0,0,0,0,0
618,-626,259,0,0,0,0,0,0
-275,-282,-818,0,0,0,0,0,0
361,931,61,0,0,0,0,0,0
572,551,523,0,0,0,0,0,0
12,735,562,0,0,0,0,0,0
663,677,941,0,0,0,0,0,0
-975,533,508,0,0,0,0,0,0
-710,499,-933,0,0,0,0,0,0
-29,691,-238,0,0,0,0,0,0
773,-192,-519,0,0,0,0,0,0
-966,-97,-691,0,0,0,0,0,0
457,957,-299,0,0,0,0,0,0
-344,-734,414,0,0,0,0,0,0
809,-213,338,0,0,0,0,0,0
-395,-629,787,0,0,0,0,0,0
-565,389,-566,0,0,0,0,0,0
813,386,599,0,0,0,0,0,0
-621,-494,-153,0,0,0,0,0,0
793,131,-235,0,0,0,0,0,0
-150,-169,-68,0,0,0,0,0,0
384,940,-453,0,0,0,0,0,0
-763,-387,-356,0,0,0,0,0,0
98,198,488,0,0,0,0,0,0
400,444,-514,0,0,0,0,0,0
-123,714,887,0,0,0,0,0,0
908,69,483,0,0,0,0,0,0
-232,-477,-293,0,0,0,0,0,0
-552,612,731,0,0,0,0,0,0
984,-478,963,0,0,0,0,0,0
-975,-469,735,0,0,0,0,0,0
111,482,44,0,0,0,0,0,0
-634,146,907,0,0,0,0,0,0
257,935,652,0,0,0,0,0,0
736,-535,-36,0,0,0,0,0,0
-120,591,-193,0,0,0,0,0,0
-73,-464,-903,0,0,0,0,0,0
-282,852,-5,0,0,0,0,0,0
-917,-942,394,0,0,0,0,0,0
802,-790,963,0,0,0,0,0,0
590,669,461,0,0,0,0,0,0
-910,198,-322,0,0,0,0,0,0
114,-896,951,0,0,0,0,0,0
196,-108,-630,0,0,0,0,0,0
947,-296,-190,0,0,0,0,0,0
691,15,-581,0,0,0,0,0,0
-889,-91,-918,0,0,0,0,0,0
52,820,86,0,0,0,0,0,0
-55,311,554,0,0,0,0,0,0
455,760,712,0,0,0,0,0,0
843,-848,555,0,0,0,0,0,0
633,-88,450,0,0,0,0,0,0
626,-550,199,0,0,0,0,0,0
-85,-148,80,0,0,0,0,0,0
499,650,-217,0,0,0,0,0,0
484,503,761,0,0,0,0,0,0
693,638,904,0,0,0,0,0,0
-923,854,-474,0,0,0,0,0,0
169,-661,-706,0,0,0,0,0,0
-687,-992,464,0,0,0,0,0,0
788,-768,844,0,0,0,0,0,0
455,-945,-992,0,0,0,0,0,0
-298,552,-948,0,0,0,0,0,0
241,721,112,0,0,0,0,0,0
521,451,956,0,0,0,0,0,0
214,100,35,0,0,0,0,0,0
536,-658,-432,0,0,0,0,0,0
736,-352,-960,0,0,0,0,0,0
-609,995,-179,0,0,0,0,0,0
946,290,70,0,0,0,0,0,0
717,177,-791,0,0,0,0,0,0
-894,408,81,0,0,0,0,0,0
-234,-567,-881,0,0,0,0,0,0
178,627,465,0,0,0,0,0,0
98,630,540,0,0,0,0,0,0
-981,-377,682,0,0,0,0,0,0
558,694,680,0,0,0,0,0,0
-122,-710,412,0,0,0,0,0,0
375,-616,-737,0,0,0,0,0,0
277,-96,540,0,0,0,0,0,0
-5,-231,84,0,0,0,0,0,0
334,745,715,0,0,0,0,0,0
919,-290,643,0,0,0,0,0,0
-456,179,-441,0,0,0,0,0,0
-775,-173,-22,0,0,0,0,0,0
-565,395,13,0,0,0,0,0,0
142,-214,-469,0,0,0,0,0,0
489,309,218,0,0,0,0,0,0
497,744,165,0,0,0,0,0,0
-482,251,-121,0,0,0,0,0,0
-551,-208,626,0,0,0,0,0,0
449,-976,-249,0,0,0,0,0,0
-211,753,982,0,0,0,0,0,0
-924,-719,970,0,0,0,0,0,0
-505,-519,959,0,0,0,0,0,0
-935,-910,572,0,0,0,0,0,0
-565,-805,-440,0,0,0,0,0,0
681,920,952,0,0,0,0,0,0
-395,-966,963,0,0,0,0,0,0
816,270,-535,0,0,0,0,0,0
989,-305,639,0,0,0,0,0,0
919,-44,-771,0,0,0,0,0,0
686,646,831,0,0,0,0,0,0
-758,40,-309,0,0,0,0,0,0
878,417,219,0,0,0,0,0,0
-682,88,107,0,0,0,0,0,0
-355,-326,16,0,0,0,0,0,0
-196,-920,-744,0,0,0,0,0,0
792,171,-450,0,0,0,0,0,0
-499,938,-96,0,0,0,0,0,0
304,498,50,0,0,0,0,0,0
661,472,461,0,0,0,0,0,0
-282,112,675,0,0,0,0,0,0
-231,278,440,0,0,0,0,0,0
-612,-782,128,0,0,0,0,0,0
353,-361,-166,0,0,0,0,0,0
-109,-54,427,0,0,0,0,0,0
873,666,-369,0,0,0,0,0,0
416,-397,889,0,0,0,0,0,0
478,3,731,0,0,0,0,0,0
61,-558,-872,0,0,0,0,0,0
540,576,-419,0,0,0,0,0,0
-120,966,-466,0,0,0,0,0,0
-712,130,232,0,0,0,0,0,0
-418,818,272,0,0,0,0,0,0
-687,-547,42,0,0,0,0,0,0
-721,-925,-699,0,0,0,0,0,0
-816,-875,-451,0,0,0,0,0,0
-724,-935,101,0,0,0,0,0,0
-686,-632,-153,0,0,0,0,0,0
30,-402,472,0,0,0,0,0,0
886,-489,908,0,0,0,0,0,0
283,-702,273,0,0,0,0,0,0
-413,-310,235,0,0,0,0,0,0
-945,457,-320,0,0,0,0,0,0
829,830,393,0,0,0,0,0,0
-884,-14,502,0,0,0,0,0,0
861,842,297,0,0,0,0,0,0
342,-598,-915,0,0,0,0,0,0
687,233,160,0,0,0,0,0,0
-467,616,-689,0,0,0,0,0,0
583,-826,-125,0,0,0,0,0,0
23,163,-291,0,0,0,0,0,0
849,863,641,0,0,0,0,0,0
-670,-458,626,0,0,0,0,0,0
-552,691,-782,0,0,0,0,0,0
-810,-655,458,0,0,0,0,0,0
398,541,522,0,0,0,0,0,0
-774,40,551,0,0,0,0,0,0
-325,-243,625,0,0,0,0,0,0
92,-477,802,0,0,0,0,0,0
112,872,841,0,0,0,0,0,0
267,-515,-349,0,0,0,0,0,0
-194,-805,-261,0,0,0,0,0,0
892,-709,-200,0,0,0,0,0,0
230,-467,-973,0,0,0,0,0,0
-755,-404,760,0,0,0,0,0,0
-909,747,-883,0,0,0,0,0,0
921,-266,738,0,0,0,0,0,0
25,-50,-420,0,0,0,0,0,0
-87,-229,332,0,0,0,0,0,0
-164,184,-365,0,0,0,0,0,0
-366,-814,510,0,0,0,0,0,0
-919,44,-965,0,0,0,0,0,0
368,-630,669,0,0,0,0,0,0
576,521,-256,0,0,0,0,0,0
-932,190,630,0,0,0,0,0,0
614,204,-905,0,0,0,0,0,0
-817,677,-745,0,0,0,0,0,0
-941,-130,1,0,0,0,0,0,0
-884,139,725,0,0,0,0,0,0
819,192,444,0,0,0,0,0,0
-515,260,-664,0,0,0,0,0,0
-741,-949,-658,0,0,0,0,0,0
153,-828,379,0,0,0,0,0,0
-134,71,821,0,0,0,0,0,0
539,-370,732,0,0,0,0,0,0
-549,-622,-517,0,0,0,0,0,0
-590,214,405,0,0,0,0,0,0
-43,-5,390,0,0,0,0,0,0
613,109,223,0,0,0,0,0,0
767,694,-189,0,0,0,0,0,0
323,-279,708,0,0,0,0,0,0
-394,478,-385,0,0,0,0,0,0
551,793,988,0,0,0,0,0,0
-995,32,462,0,0,0,0,0,0
586,773,-94,0,0,0,0,0,0
929,-167,-4,0,0,0,0,0,0
-850,790,-692,0,0,0,0,0,0
931,-968,-741,0,0,0,0,0,0
71,-249,-32,0,0,0,0,0,0
499,211,513,0,0,0,0,0,0
-96,-218,52,0,0,0,0,0,0
949,426,-280,0,0,0,0,0,0
642,-445,-891,0,0,0,0,0,0
-695,369,669,0,0,0,0,0,0
-998,807,-71,0,0,0,0,0,0
360,-645,550,0,0,0,0,0,0
669,694,-979,0,0,0,0,0,0
-895,-141,513,0,0,0,0,0,0
-13,-433,-519,0,0,0,0,0,0
-511,904,-57,0,0,0,0,0,0
-785,-855,-560,0,0,0,0,0,0
724,-823,-892,0,0,0,0,0,0
-269,-877,39,0,0,0,0,0,0
3,63,-992,0,0,0,0,0,0
-932,-601,685,0,0,0,0,0,0
-181,656,92,0,0,0,0,0,0
60,991,-105,0,0,0,0,0,0
89,959,386,0,0,0,0,0,0
-525,-390,-680,0,0,0,0,0,0
-364,425,-25,0,0,0,0,0,0
-586,933,943,0,0,0,0,0,0
972,-560,22,0,0,0,0,0,0
491,-341,-575,0,0,0,0,0,0
858,-332,-840,0,0,0,0,0,0
936,28,788,0,0,0,0,0,0
-44,-238,-639,0,0,0,0,0,0
903,-805,542,0,0,0,0,0,0
-919,132,130,0,0,0,0,0,0
681,45,-679,0,0,0,0,0,0
-659,-940,-283,0,0,0,0,0,0
515,879,-826,0,0,0,0,0,0
360,631,701,0,0,0,0,0,0
-810,-197,-585,0,0,0,0,0,0
827,-626,-235,0,0,0,0,0,0
892,-625,406,0,0,0,0,0,0
408,372,-263,0,0,0,0,0,0
102,-23,-378,0,0,0,0,0,0
-117,-444,981,0,0,0,0,0,0
1,-128,395,0,0,0,0,0,0
-629,-304,933,0,0,0,0,0,0
296,-942,831,0,0,0,0,0,0
875,-63,-793,0,0,0,0,0,0
75,-703,-679,0,0,0,0,0,0
-402,-942,137,0,0,0,0,0,0
-531,940,400,0,0,0,0,0,0
-412,-58,-183,0,0,0,0,0,0
929,433,-242,0,0,0,0,0,0
103,-76,752,0,0,0,0,0,0
394,-413,17,0,0,0,0,0,0
392,-176,66,0,0,0,0,0,0
593,645,922,0,0,0,0,0,0
-148,-318,144,0,0,0,0,0,0
660,-953,444,0,0,0,0,0,0
611,850,-355,0,0,0,0,0,0
-454,-472,-122,0,0,0,0,0,0
-614,439,-133,0,0,0,0,0,0
-694,99,297,0,0,0,0,0,0
450,62,513,0,0,0,0,0,0
-985,-786,-237,0,0,0,0,0,0
-158,370,-383,0,0,0,0,0,0
-187,634,211,0,0,0,0,0,0
-17,162,-828,0,0,0,0,0,0
449,-478,-94,0,0,0,0,0,0
859,-431,534,0,0,0,0,0,0
-39,-884,521,0,0,0,0,0,0
944,933,163,0,0,0,0,0,0
-916,-884,413,0,0,0,0,0,0
489,544,-466,0,0,0,0,0,0
-219,335,637,0,0,0,0,0,0
777,-296,-902,0,0,0,0,0,0
468,656,345,0,0,0,0,0,0
-144,620,-58,0,0,0,0,0,0
247,-695,954,0,0,0,0,0,0
145,-606,137,0,0,0,0,0,0
-557,-695,23,0,0,0,0,0,0
-591,53,-943,0,0,0,0,0,0
-537,-899,-176,0,0,0,0,0,0
182,-960,405,0,0,0,0,0,0
-713,-534,288,0,0,0,0,0,0
-516,451,82,0,0,0,0,0,0
-835,-662,658,0,0,0,0,0,0
-524,711,-287,0,0,0,0,0,0
-131,250,-437,0,0,0,0,0,0
727,676,867,0,0,0,0,0,0
282,-5,-221,0,0,0,0,0,0
847,-983,-366,0,0,0,0,0,0
33,-481,280,0,0,0,0,0,0
-870,-913,-107,0,0,0,0,0,0
316,109,-899,0,0,0,0,0,0
-842,-639,-591,0,0,0,0,0,0
881,-487,-975,0,0,0,0,0,0
-798,-125,-798,0,0,0,0,0,0
-905,-31,449,0,0,0,0,0,0
-904,113,714,0,0,0,0,0,0
95,783,873,0,0,0,0,0,0
-713,353,140,0,0,0,0,0,0
64,140,-780,0,0,0,0,0,0
-925,506,-551,0,0,0,0,0,0
-24,-260,527,0,0,0,0,0,0
400,872,-673,0,0,0,0,0,0
-289,482,143,0,0,0,0,0,0
-97,-563,-836,0,0,0,0,0,0
381,590,122,0,0,0,0,0,0
-88,-33,888,0,0,0,0,0,0
-712,-809,664,0,0,0,0,0,0
-735,828,334,0,0,0,0,0,0
98,-692,787,0,0,0,0,0,0
-55,755,-699,0,0,0,0,0,0
-646,-149,-838,0,0,0,0,0,0
-151,634,-522,0,0,0,0,0,0
-322,-792,823,0,0,0,0,0,0
-137,565,116,0,0,0,0,0,0
91,-451,486,0,0,0,0,0,0
914,-221,302,0,0,0,0,0,0
623,-394,849,0,0,0,0,0,0
-701,-460,578,0,0,0,0,0,0
-97,590,287,0,0,0,0,0,0
-485,876,-592,0,0,0,0,0,0
380,30,176,0,0,0,0,0,0
-580,252,-329,0,0,0,0,0,0
699,325,515,0,0,0,0,0,0
-634,910,-374,0,0,0,0,0,0
-695,-910,940,0,0,0,0,0,0
916,-987,-379,0,0,0,0,0,0
-561,-753,928,0,0,0,0,0,0
822,-834,470,0,0,0,0,0,0
27,-578,133,0,0,0,0,0,0
917,-435,54,0,0,0,0,0,0
-953,-931,890,0,0,0,0,0,0
-794,-1,-217,0,0,0,0,0,0
-294,884,928,0,0,0,0,0,0
-649,-777,-74,0,0,0,0,0,0
190,750,603,0,0,0,0,0,0
201,721,917,0,0,0,0,0,0
988,496,-607,0,0,0,0,0,0
-216,651,-978,0,0,0,0,0,0
-355,890,-142,0,0,0,0,0,0
-30,621,122,0,0,0,0,0,0
171,-163,815,0,0,0,0,0,0
-518,-445,-219,0,0,0,0,0,0
21,-409,107,0,0,0,0,0,0
829,42,184,0,0,0,0,0,0
-888,460,245,0,0,0,0,0,0
418,-255,289,0,0,0,0,0,0
-167,960,751,0,0,0,0,0,0
339,-750,481,0,0,0,0,0,0
547,-982,-431,0,0,0,0,0,0
-851,745,545,0,0,0,0,0,0
-449,-483,-190,0,0,0,0,0,0
674,777,471,0,0,0,0,0,0
-602,-846,964,0,0,0,0,0,0
-690,455,-965,0,0,0,0,0,0
190,101,-411,0,0,0,0,0,0
-47,703,-850,0,0,0,0,0,0
-750,777,-701,0,0,0,0,0,0
-732,686,-610,0,0,0,0,0,0
148,-543,300,0,0,0,0,0,0
821,131,-256,0,0,0,0,0,0
641,-808,474,0,0,0,0,0,0
-191,797,87,0,0,0,0,0,0
661,969,-846,0,0,0,0,0,0
715,-556,360,0,0,0,0,0,0
-962,298,-392,0,0,0,0,0,0
874,-357,175,0,0,0,0,0,0
999,-349,447,0,0,0,0,0,0
682,612,-871,0,0,0,0,0,0
908,244,-658,0,0,0,0,0,0
-939,811,525,0,0,0,0,0,0
-702,687,-180,0,0,0,0,0,0
274,859,351,0,0,0,0,0,0
0,-549,-304,0,0,0,0,0,0
-680,-485,-845,0,0,0,0,0,0
-877,-254,214,0,0,0,0,0,0
-73,370,-861,0,0,0,0,0,0
-135,-461,852,0,0,0,0,0,0
302,843,544,0,0,0,0,0,0
-481,179,-88,0,0,0,0,0,0
465,-412,589,0,0,0,0,0,0
-258,618,455,0,0,0,0,0,0
421,-254,218,0,0,0,0,0,0
-216,18,-515,0,0,0,0,0,0
680,469,926,0,0,0,0,0,0
-378,-906,401,0,0,0,0,0,0
500,121,-196,0,0,0,0,0,0
213,-45,746,0,0,0,0,0,0
-955,578,300,0,0,0,0,0,0
213,663,-712,0,0,0,0,0,0
-785,-855,731,0,0,0,0,0,0
-565,494,-904,0,0,0,0,0,0
-410,220,-173,0,0,0,0,0,0
253,-341,488,0,0,0,0,0,0
942,269,250,0,0,0,0,0,0
210,-906,12,0,0,0,0,0,0
845,746,896,0,0,0,0,0,0
648,-14,650,0,0,0,0,0,0
-282,969,-374,0,0,0,0,0,0
-794,533,519,0,0,0,0,0,0
428,674,-729,0,0,0,0,0,0
23,760,409,0,0,0,0,0,0
-49,-529,-627,0,0,0,0,0,0
-780,-332,-69,0,0,0,0,0,0
-120,209,786,0,0,0,0,0,0
374,697,450,0,0,0,0,0,0
-263,918,-82,0,0,0,0,0,0
469,451,931,0,0,0,0,0,0
943,77,187,0,0,0,0,0,0
-252,-90,-912,0,0,0,0,0,0
-882,-326,-363,0,0,0,0,0,0
858,-384,-133,0,0,0,0,0,0
-900,610,-434,0,0,0,0,0,0
-793,-641,124,0,0,0,0,0,0
-224,-175,904,0,0,0,0,0,0
950,-255,406,0,0,0,0,0,0
-252,-643,-109,0,0,0,0,0,0
-982,177,-814,0,0,0,0,0,0
882,-673,-605,0,0,0,0,0,0
-113,-877,-347,0,0,0,0,0,0
-91,379,-702,0,0,0,0,0,0
961,-141,-573,0,0,0,0,0,0
199,-93,-971,0,0,0,0,0,0
266,654,738,0,0,0,0,0,0
-158,486,-366,0,0,0,0,0,0
-324,902,-480,0,0,0,0,0,0
565,337,371,0,0,0,0,0,0
-384,525,-965,0,0,0,0,0,0
-196,126,91,0,0,0,0,0,0
546,-361,566,0,0,0,0,0,0
645,-691,-138,0,0,0,0,0,0
247,694,513,0,0,0,0,0,0
-704,-31,810,0,0,0,0,0,0
-84,59,117,0,0,0,0,0,0
-723,-932,-155,0,0,0,0,0,0
73,-511,-753,0,0,0,0,0,0
279,-739,-521,0,0,0,0,0,0
-880,-6,-695,0,0,0,0,0,0
-677,-899,-827,0,0,0,0,0,0
875,283,-41,0,0,0,0,0,0
-367,-735,-838,0,0,0,0,0,0
19,-650,-554,0,0,0,0,0,0
883,-62,-227,0,0,0,0,0,0
-137,-754,702,0,0,0,0,0,0
701,-89,-64,0,0,0,0,0,0
960,928,-870,0,0,0,0,0,0
-382,303,959,0,0,0,0,0,0
893,783,833,0,0,0,0,0,0
87,436,-449,0,0,0,0,0,0
-24,441,-672,0,0,0,0,0,0
995,-332,661,0,0,0,0,0,0
-772,520,-610,0,0,0,0,0,0
-283,434,652,0,0,0,0,0,0
863,139,-591,0,0,0,0,0,0
-703,-872,-316,0,0,0,0,0,0
-787,947,-280,0,0,0,0,0,0
598,629,475,0,0,0,0,0,0
-311,-892,521,0,0,0,0,0,0
7,-393,488,0,0,0,0,0,0
-200,-249,557,0,0,0,0,0,0
-62,-967,-908,0,0,0,0,0,0
-543,273,354,0,0,0,0,0,0
0,137,348,0,0,0,0,0,0
-289,-500,-63,0,0,0,0,0,0
-10,776,438,0,0,0,0,0,0
718,229,267,0,0,0,0,0,0
551,52,918,0,0,0,0,0,0
-631,-737,679,0,0,0,0,0,0
-178,-928,827,0,0,0,0,0,0
-930,-397,750,0,0,0,0,0,0
742,-599,637,0,0,0,0,0,0
-697,-174,113,0,0,0,0,0,0
-476,-199,299,0,0,0,0,0,0
499,167,529,0,0,0,0,0,0
857,231,-646,0,0,0,0,0,0
976,505,-947,0,0,0,0,0,0
-533,840,753,0,0,0,0,0,0
-689,-856,-722,0,0,0,0,0,0
-349,-433,-252,0,0,0,0,0,0
562,-996,-522,0,0,0,0,0,0
-980,-447,-736,0,0,0,0,0,0
-776,-232,300,0,0,0,0,0,0
675,-470,-259,0,0,0,0,0,0
-88,-443,-329,0,0,0,0,0,0
613,288,-62,0,0,0,0,0,0
-963,170,-952,0,0,0,0,0,0
390,818,-152,0,0,0,0,0,0
45,502,108,0,0,0,0,0,0
492,-145,420,0,0,0,0,0,0
-56,989,-356,0,0,0,0,0,0
-83,895,-614,0,0,0,0,0,0
-959,50,730,0,0,0,0,0,0
935,99,-403,0,0,0,0,0,0
-156,132,-813,0,0,0,0,0,0
-334,771,469,0,0,0,0,0,0
876,556,582,0,0,0,0,0,0
-711,-593,815,0,0,0,0,0,0
-864,-665,560,0,0,0,0,0,0
95,-731,122,0,0,0,0,0,0
-850,51,774,0,0,0,0,0,0
-485,53,644,0,0,0,0,0,0
252,-737,971,0,0,0,0,0,0
-70,49,-914,0,0,0,0,0,0
-147,-306,762,0,0,0,0,0,0
358,271,-500,0,0,0,0,0,0
-617,-619,-964,0,0,0,0,0,0
396,220,904,0,0,0,0,0,0
-790,-654,-240,0,0,0,0,0,0
517,-543,870,0,0,0,0,0,0
-861,-286,819,0,0,0,0,0,0
-492,612,620,0,0,0,0,0,0
-362,-584,-223,0,0,0,0,0,0
390,147,-773,0,0,0,0,0,0
15,-981,-688,0,0,0,0,0,0
-714,-62,-561,0,0,0,0,0,0
850,4,129,0,0,0,0,0,0
-64,928,-725,0,0,0,0,0,0
-669,-768,-653,0,0,0,0,0,0
90,-101,-95,0,0,0,0,0,0
493,402,-291,0,0,0,0,0,0
-425,835,-115,0,0,0,0,0,0
-793,112,613,0,0,0,0,0,0
-45,-718,-560,0,0,0,0,0,0
-793,-715,372,0,0,0,0,0,0
-60,747,158,0,0,0,0,0,0
-770,-881,-929,0,0,0,0,0,0
-23,283,72,0,0,0,0,0,0
-948,956,-313,0,0,0,0,0,0
-992,825,-119,0,0,0,0,0,0
-908,301,-704,0,0,0,0,0,0
559,-965,-378,0,0,0,0,0,0
871,596,-606,0,0,0,0,0,0
375,-735,-219,0,0,0,0,0,0
993,52,-22,0,0,0,0,0,0
127,-686,884,0,0,0,0,0,0
-345,-976,-355,0,0,0,0,0,0
456,-990,-751,0,0,0,0,0,0
-658,327,-362,0,0,0,0,0,0
851,-613,-231,0,0,0,0,0,0
-450,-995,888,0,0,0,0,0,0
-380,-174,-517,0,0,0,0,0,0
404,517,-620,0,0,0,0,0,0
-249,-505,223,0,0,0,0,0,0
935,-132,392,0,0,0,0,0,0
177,-92,-582,0,0,0,0,0,0
480,724,-412,0,0,0,0,0,0
-768,890,-785,0,0,0,0,0,0
645,561,-141,0,0,0,0,0,0
454,807,764,0,0,0,0,0,0
451,921,708,0,0,0,0,0,0
449,448,664,0,0,0,0,0,0
-389,-611,838,0,0,0,0,0,0
-962,-241,-552,0,0,0,0,0,0
-755,718,439,0,0,0,0,0,0
378,-242,194,0,0,0,0,0,0
217,449,362,0,0,0,0,0,0
676,991,454,0,0,0,0,0,0
-37,522,732,0,0,0,0,0,0
610,-620,-779,0,0,0,0,0,0
587,675,-316,0,0,0,0,0,0
5,404,-6,0,0,0,0,0,0
505,19,769,0,0,0,0,0,0
330,853,58,0,0,0,0,0,0
-225,-205,-209,0,0,0,0,0,0
793,705,482,0,0,0,0,0,0
-225,-141,-525,0,0,0,0,0,0
-22,-24,299,0,0,0,0,0,0
506,-555,-281,0,0,0,0,0,0
-57,900,-192,0,0,0,0,0,0
347,875,-48,0,0,0,0,0,0
962,-257,237,0,0,0,0,0,0
-656,755,-891,0,0,0,0,0,0
-18,-424,-82,0,0,0,0,0,0
-529,-893,435,0,0,0,0,0,0
-772,-537,-773,0,0,0,0,0,0
970,-394,-565,0,0,0,0,0,0
-812,-961,666,0,0,0,0,0,0
-338,51,874,0,0,0,0,0,0
471,-174,-565,0,0,0,0,0,0
8,-905,-747,0,0,0,0,0,0
-713,-518,139,0,0,0,0,0,0
-745,-388,627,0,0,0,0,0,0
919,446,360,0,0,0,0,0,0
-231,723,97,0,0,0,0,0,0
227,391,-20,0,0,0,0,0,0
606,-378,912,0,0,0,0,0,0
-803,-528,799,0,0,0,0,0,0
-797,-442,432,0,0,0,0,0,0
209,752,298,0,0,0,0,0,0
743,-612,-928,0,0,0,0,0,0
992,354,163,0,0,0,0,0,0
-174,857,-703,0,0,0,0,0,0
-408,-206,-574,0,0,0,0,0,0
-32,450,277,0,0,0,0,0,0
916,602,-442,0,0,0,0,0,0
505,951,972,0,0,0,0,0,0
-507,754,607,0,0,0,0,0,0
917,-102,474,0,0,0,0,0,0
-770,37,-609,0,0,0,0,0,0
648,609,983,0,0,0,0,0,0
-670,-965,-939,0,0,0,0,0,0
267,-142,-439,0,0,0,0,0,0
-591,601,-179,0,0,0,0,0,0
-421,-924,423,0,0,0,0,0,0
-13,-795,265,0,0,0,0,0,0
324,925,149,0,0,0,0,0,0
92,69,996,0,0,0,0,0,0
-908,46,-845,0,0,0,0,0,0
-725,-381,-580,0,0,0,0,0,0
182,-502,-288,0,0,0,0,0,0
-964,-601,415,0,0,0,0,0,0
260,-170,81,0,0,0,0,0,0
-856,966,823,0,0,0,0,0,0
-411,27,582,0,0,0,0,0,0
194,-3,-931,0,0,0,0,0,0
774,-621,-962,0,0,0,0,0,0
-221,-813,-200,0,0,0,0,0,0
492,-584,-218,0,0,0,0,0,0
-361,814,-508,0,0,0,0,0,0
-984,-800,-312,0,0,0,0,0,0
992,-40,14,0,0,0,0,0,0
-783,-377,-171,0,0,0,0,0,0
774,-744,246,0,0,0,0,0,0
371,218,-928,0,0,0,0,0,0
783,515,425,0,0,0,0,0,0
538,950,-644,0,0,0,0,0,0
-725,194,443,0,0,0,0,0,0
49,440,677,0,0,0,0,0,0
-958,709,852,0,0,0,0,0,0
273,591,539,0,0,0,0,0,0
898,-125,-352,0,0,0,0,0,0
-121,-432,859,0,0,0,0,0,0
63,-74,993,0,0,0,0,0,0
884,-923,560,0,0,0,0,0,0
-502,-594,-721,0,0,0,0,0,0
329,-19,-798,0,0,0,0,0,0
-637,43,787,0,0,0,0,0,0
-598,-661,962,0,0,0,0,0,0
-363,197,816,0,0,0,0,0,0
-86,164,-244,0,0,0,0,0,0
-952,-742,-995,0,0,0,0,0,0
794,-62,958,0,0,0,0,0,0
904,-126,-844,0,0,0,0,0,0
833,-159,-78,0,0,0,0,0,0
562,-173,-80,0,0,0,0,0,0
282,175,964,0,0,0,0,0,0
-103,-944,-227,0,0,0,0,0,0
-313,847,-545,0,0,0,0,0,0
-844,989,935,0,0,0,0,0,0
576,-450,-227,0,0,0,0,0,0
542,-734,480,0,0,0,0,0,0
388,905,457,0,0,0,0,0,0
634,-488,-92,0,0,0,0,0,0
-997,935,-18,0,0,0,0,0,0
-941,-827,740,0,0,0,0,0,0
68,-720,445,0,0,0,0,0,0
618,620,337,0,0,0,0,0,0
-184,-883,-180,0,0,0,0,0,0
-630,-466,628,0,0,0,0,0,0
-131,-188,251,0,0,0,0,0,0
-567,63,-409,0,0,0,0,0,0
632,156,-781,0,0,0,0,0,0
882,716,938,0,0,0,0,0,0
628,856,-585,0,0,0,0,0,0
601,-205,571,0,0,0,0,0,0
-613,-835,381,0,0,0,0,0,0
869,-179,623,0,0,0,0,0,0
829,333,-249,0,0,0,0,0,0
554,589,0,0,0,0,0,0,0
-584,-933,-747,0,0,0,0,0,0
49,120,925,0,0,0,0,0,0
-359,971,430,0,0,0,0,0,0
-271,679,-536,0,0,0,0,0,0
-750,22,-406,0,0,0,0,0,0
929,-63,-628,0,0,0,0,0,0
-98,979,673,0,0,0,0,0,0
-294,765,682,0,0,0,0,0,0
304,618,-412,0,0,0,0,0,0
-599,-40,832,0,0,0,0,0,0
772,-305,735,0,0,0,0,0,0
280,-995,-965,0,0,0,0,0,0
-663,566,-381,0,0,0,0,0,0
-8,-843,675,0,0,0,0,0,0
279,447,-603,0,0,0,0,0,0
354,842,-187,0,0,0,0,0,0
778,643,-246,0,0,0,0,0,0
-165,319,977,0,0,0,0,0,0
-58,45,-961,0,0,0,0,0,0
633,-203,-594,0,0,0,0,0,0
833,359,-916,0,0,0,0,0,0
-191,-499,624,0,0,0,0,0,0
20,378,234,0,0,0,0,0,0
780,425,123,0,0,0,0,0,0
-894,201,733,0,0,0,0,0,0
-745,633,820,0,0,0,0,0,0
-677,-120,878,0,0,0,0,0,0
-178,-441,-621,0,0,0,0,0,0
-58,299,841,0,0,0,0,0,0
85,64,-128,0,0,0,0,0,0
570,-140,-977,0,0,0,0,0,0
847,194,526,0,0,0,0,0,0
-370,58,606,0,0,0,0,0,0
384,-14,-185,0,0,0,0,0,0
-139,359,-148,0,0,0,0,0,0
125,708,294,0,0,0,0,0,0
622,594,-793,0,0,0,0,0,0
-660,-26,-2,0,0,0,0,0,0
-379,344,-844,0,0,0,0,0,0
507,677,-797,0,0,0,0,0,0
391,268,45,0,0,0,0,0,0
-52,-149,-547,0,0,0,0,0,0
884,225,188,0,0,0,0,0,0
-630,444,109,0,0,0,0,0,0
23,-961,-346,0,0,0,0,0,0
805,563,-104,0,0,0,0,0,0
-473,-193,-523,0,0,0,0,0,0
-708,938,620,0,0,0,0,0,0
-892,-670,837,0,0,0,0,0,0
-875,-955,-689,0,0,0,0,0,0
-121,231,777,0,0,0,0,0,0
616,145,434,0,0,0,0,0,0
-395,-491,-922,0,0,0,0,0,0
925,-324,284,0,0,0,0,0,0
101,771,-175,0,0,0,0,0,0
-729,579,-476,0,0,0,0,0,0
-327,-583,-854,0,0,0,0,0,0
-195,-439,227,0,0,0,0,0,0
-146,834,-373,0,0,0,0,0,0
715,577,-412,0,0,0,0,0,0
-131,609,-542,0,0,0,0,0,0
-600,-388,-76,0,0,0,0,0,0
-720,-482,-372,0,0,0,0,0,0
140,64,-897,0,0,0,0,0,0
830,165,-853,0,0,0,0,0,0
48,-52,380,0,0,0,0,0,0
377,-813,109,0,0,0,0,0,0
947,511,841,0,0,0,0,0,0
-730,221,-827,0,0,0,0,0,0
-867,324,882,0,0,0,0,0,0
-490,-191,-745,0,0,0,0,0,0
166,-833,45,0,0,0,0,0,0
-792,-430,-793,0,0,0,0,0,0
-624,-862,874,0,0,0,0,0,0
76,-281,668,0,0,0,0,0,0
-797,-600,-32,0,0,0,0,0,0
-592,-504,536,0,0,0,0,0,0
-746,-426,-92,0,0,0,0,0,0
-552,-194,-554,0,0,0,0,0,0
-494,578,-809,0,0,0,0,0,0
-76,-438,741,0,0,0,0,0,0
-302,176,642,0,0,0,0,0,0
-677,-545,-585,0,0,0,0,0,0
-955,672,435,0,0,0,0,0,0
823,-641,451,0,0,0,0,0,0
266,-990,-78,0,0,0,0,0,0
-595,794,-9,0,0,0,0,0,0
574,-477,374,0,0,0,0,0,0
53,-347,431,0,0,0,0,0,0
-295,-158,-602,0,0,0,0,0,0
495,397,-69,0,0,0,0,0,0
-120,516,367,0,0,0,0,0,0
876,984,-78,0,0,0,0,0,0
-652,-865,-408,0,0,0,0,0,0
385,-822,219,0,0,0,0,0,0
794,-169,-89,0,0,0,0,0,0
-142,381,-107,0,0,0,0,0,0
-725,-671,-446,0,0,0,0,0,0
-642,-235,-202,0,0,0,0,0,0
-890,434,502,0,0,0,0,0,0
-342,-490,629,0,0,0,0,0,0
-944,912,372,0,0,0,0,0,0
-720,-371,739,0,0,0,0,0,0
-943,-843,576,0,0,0,0,0,0
566,-233,-287,0,0,0,0,0,0
554,-653,-2,0,0,0,0,0,0
-539,0,-665,0,0,0,0,0,0
736,-372,-152,0,0,0,0,0,0
627,259,32,0,0,0,0,0,0
181,-636,-751,0,0,0,0,0,0
-22,995,-343,0,0,0,0,0,0
-435,106,-867,0,0,0,0,0,0
608,803,-208,0,0,0,0,0,0
-119,-675,281,0,0,0,0,0,0
234,-301,365,0,0,0,0,0,0
-565,994,245,0,0,0,0,0,0
320,753,711,0,0,0,0,0,0
643,-209,-85,0,0,0,0,0,0
-677,653,-390,0,0,0,0,0,0
978,501,-60,0,0,0,0,0,0
538,-894,972,0,0,0,0,0,0
-411,603,945,0,0,0,0,0,0
-794,271,753,0,0,0,0,0,0
-35,-279,-376,0,0,0,0,0,0
189,-697,888,0,0,0,0,0,0
278,756,-781,0,0,0,0,0,0
-227,724,-392,0,0,0,0,0,0
435,-415,-70,0,0,0,0,0,0
-750,839,748,0,0,0,0,0,0
507,-861,-273,0,0,0,0,0,0
-43,682,-704,0,0,0,0,0,0
-299,951,-125,0,0,0,0,0,0
518,222,254,0,0,0,0,0,0
619,-927,-117,0,0,0,0,0,0
23,361,923,0,0,0,0,0,0
863,-238,-376,0,0,0,0,0,0
-802,-430,79,0,0,0,0,0,0
-399,848,-216,0,0,0,0,0,0
-982,216,-661,0,0,0,0,0,0
-482,-94,-575,0,0,0,0,0,0
-351,279,-867,0,0,0,0,0,0
717,-474,426,0,0,0,0,0,0
232,21,2,0,0,0,0,0,0
-948,-839,757,0,0,0,0,0,0
-697,-934,-808,0,0,0,0,0,0
-719,376,-628,0,0,0,0,0,0
758,-586,691,0,0,0,0,0,0
490,-974,838,0,0,0,0,0,0
-776,248,430,0,0,0,0,0,0
272,266,-975,0,0,0,0,0,0
104,-398,98,0,0,0,0,0,0
-912,-945,-268,0,0,0,0,0,0
-293,-237,83,0,0,0,0,0,0
-978,-890,-729,0,0,0,0,0,0
876,218,-604,0,0,0,0,0,0
810,-796,-826,0,0,0,0,0,0
-605,-244,767,0,0,0,0,0,0
409,137,-343,0,0,0,0,0,0
844,248,245,0,0,0,0,0,0
-743,-222,-815,0,0,0,0,0,0
443,594,292,0,0,0,0,0,0
457,75,-769,0,0,0,0,0,0
798,909,519,0,0,0,0,0,0
332,766,380,0,0,0,0,0,0
921,-247,-545,0,0,0,0,0,0
107,678,370,0,0,0,0,0,0
-390,581,-811,0,0,0,0,0,0
695,635,-647,0,0,0,0,0,0
-717,34,623,0,0,0,0,0,0
-228,-500,-856,0,0,0,0,0,0
657,-575,876,0,0,0,0,0,0
-679,982,202,0,0,0,0,0,0
-571,-689,79,0,0,0,0,0,0
106,245,-908,0,0,0,0,0,0
-110,735,-804,0,0,0,0,0,0
-868,398,651,0,0,0,0,0,0
53,-465,512,0,0,0,0,0,0
-186,915,-902,0,0,0,0,0,0
-133,326,643,0,0,0,0,0,0
-753,170,-873,0,0,0,0,0,0
690,476,-549,0,0,0,0,0,0
-834,-825,992,0,0,0,0,0,0
-245,388,138,0,0,0,0,0,0
431,-113,-214,0,0,0,0,0,0
-90,471,-304,0,0,0,0,0,0
404,521,44,0,0,0,0,0,0
-976,536,51,0,0,0,0,0,0
485,377,-90,0,0,0,0,0,0
665,235,-321,0,0,0,0,0,0
-989,491,697,0,0,0,0,0,0
200,-82,-279,0,0,0,0,0,0
326,-497,573,0,0,0,0,0,0
543,306,-587,0,0,0,0,0,0
607,-80,-774,0,0,0,0,0,0
152,973,-341,0,0,0,0,0,0
221,101,31,0,0,0,0,0,0
-807,-382,-424,0,0,0,0,0,0
-683,621,378,0,0,0,0,0,0
611,856,354,0,0,0,0,0,0
341,-979,-529,0,0,0,0,0,0
-513,-853,-152,0,0,0,0,0,0
-959,-598,-498,0,0,0,0,0,0
-542,483,367,0,0,0,0,0,0
384,-327,312,0,0,0,0,0,0
526,-275,-612,0,0,0,0,0,0
-918,-386,336,0,0,0,0,0,0
460,359,372,0,0,0,0,0,0
290,-460,-706,0,0,0,0,0,0
102,168,-662,0,0,0,0,0,0
572,995,-864,0,0,0,0,0,0
-521,-955,976,0,0,0,0,0,0
659,-435,-145,0,0,0,0,0,0
975,-852,667,0,0,0,0,0,0
-507,481,86,0,0,0,0,0,0
440,-803,301,0,0,0,0,0,0
203,-947,-240,0,0,0,0,0,0
-665,467,951,0,0,0,0,0,0
678,493,-836,0,0,0,0,0,0
471,-813,861,0,0,0,0,0,0
-967,-801,734,0,0,0,0,0,0
922,625,6,0,0,0,0,0,0
-924,-556,134,0,0,0,0,0,0
-342,-359,-254,0,0,0,0,0,0
-547,-603,-469,0,0,0,0,0,0
807,43,512,0,0,0,0,0,0
-787,431,639,0,0,0,0,0,0
-520,39,-246,0,0,0,0,0,0
-436,402,-944,0,0,0,0,0,0
986,901,463,0,0,0,0,0,0
556,-788,308,0,0,0,0,0,0
-800,-622,512,0,0,0,0,0,0
486,-240,529,0,0,0,0,0,0
909,-504,612,0,0,0,0,0,0
313,543,488,0,0,0,0,0,0
-787,-325,37,0,0,0,0,0,0
-668,917,-291,0,0,0,0,0,0
-90,315,594,0,0,0,0,0,0
612,555,-459,0,0,0,0,0,0
-610,462,628,0,0,0,0,0,0
888,-846,-737,0,0,0,0,0,0
-55,-419,-305,0,0,0,0,0,0
-994,587,-195,0,0,0,0,0,0
-41,748,-546,0,0,0,0,0,0
456,-360,907,0,0,0,0,0,0
749,-804,-637,0,0,0,0,0,0
244,898,387,0,0,0,0,0,0
861,320,-236,0,0,0,0,0,0
368,-787,-899,0,0,0,0,0,0
-717,845,926,0,0,0,0,0,0
833,-439,-354,0,0,0,0,0,0
627,822,-75,0,0,0,0,0,0
552,-557,-870,0,0,0,0,0,0
1,-655,269,0,0,0,0,0,0
-548,882,60,0,0,0,0,0,0
983,-242,284,0,0,0,0,0,0
-37,-301,5,0,0,0,0,0,0
-612,-214,460,0,0,0,0,0,0
828,47,666,0,0,0,0,0,0
670,228,-248,0,0,0,0,0,0
-261,-63,936,0,0,0,0,0,0
-335,-171,-399,0,0,0,0,0,0
318,697,-424,0,0,0,0,0,0
352,289,6,0,0,0,0,0,0
-941,271,-387,0,0,0,0,0,0
810,-351,-922,0,0,0,0,0,0
393,-561,513,0,0,0,0,0,0
502,-685,-123,0,0,0,0,0,0
-657,-569,114,0,0,0,0,0,0
658,721,603,0,0,0,0,0,0
360,126,171,0,0,0,0,0,0
-578,-763,-116,0,0,0,0,0,0
-883,79,-761,0,0,0,0,0,0
-429,656,409,0,0,0,0,0,0
943,-999,-995,0,0,0,0,0,0
291,39,-35,0,0,0,0,0,0
634,-263,784,0,0,0,0,0,0
575,81,-933,0,0,0,0,0,0
878,197,402,0,0,0,0,0,0
834,-894,996,0,0,0,0,0,0
-552,-40,100,0,0,0,0,0,0
-76,358,-582,0,0,0,0,0,0
-709,310,599,0,0,0,0,0,0
317,741,265,0,0,0,0,0,0
-90,594,844,0,0,0,0,0,0
-314,39,1,0,0,0,0,0,0
970,-901,-652,0,0,0,0,0,0
957,950,968,0,0,0,0,0,0
169,-599,-990,0,0,0,0,0,0
388,387,-349,0,0,0,0,0,0
307,983,421,0,0,0,0,0,0
348,-144,-824,0,0,0,0,0,0
-68,117,-951,0,0,0,0,0,0
-836,-930,-875,0,0,0,0,0,0
-858,-248,498,0,0,0,0,0,0
-100,57,-579,0,0,0,0,0,0
-146,936,944,0,0,0,0,0,0
-798,832,563,0,0,0,0,0,0
-173,-728,831,0,0,0,0,0,0
-115,619,-356,0,0,0,0,0,0
303,564,-631,0,0,0,0,0,0
510,-878,814,0,0,0,0,0,0
111,871,-810,0,0,0,0,0,0
103,552,502,0,0,0,0,0,0
-430,724,-798,0,0,0,0,0,0
-126,906,-532,0,0,0,0,0,0
-182,745,817,0,0,0,0,0,0
-919,634,294,0,0,0,0,0,0
707,-800,281,0,0,0,0,0,0
-394,386,30,0,0,0,0,0,0
-845,-396,-560,0,0,0,0,0,0
-764,-97,-883,0,0,0,0,0,0
-418,527,-999,0,0,0,0,0,0
736,-547,-441,0,0,0,0,0,0
96,-149,309,0,0,0,0,0,0
-818,-111,-849,0,0,0,0,0,0
162,966,105,0,0,0,0,0,0
-290,-242,-562,0,0,0,0,0,0
891,-504,-230,0,0,0,0,0,0
-165,-690,-579,0,0,0,0,0,0
-617,62,-755,0,0,0,0,0,0
818,-913,991,0,0,0,0,0,0
751,-111,851,0,0,0,0,0,0
-408,746,95,0,0,0,0,0,0
-958,-903,626,0,0,0,0,0,0
348,-132,296,0,0,0,0,0,0
608,158,-134,0,0,0,0,0,0
-136,-578,885,0,0,0,0,0,0
161,-848,-163,0,0,0,0,0,0
723,785,940,0,0,0,0,0,0
-797,-4,-384,0,0,0,0,0,0
-552,385,839,0,0,0,0,0,0
674,-942,650,0,0,0,0,0,0
-825,375,965,0,0,0,0,0,0
-925,-987,757,0,0,0,0,0,0
-807,893,443,0,0,0,0,0,0
607,-622,-667,0,0,0,0,0,0
-484,398,-79,0,0,0,0,0,0
-746,-380,590,0,0,0,0,0,0
693,352,700,0,0,0,0,0,0
841,561,946,0,0,0,0,0,0
270,-711,740,0,0,0,0,0,0
253,-904,190,0,0,0,0,0,0
-107,-14,-589,0,0,0,0,0,0
-640,183,483,0,0,0,0,0,0
-935,800,-557,0,0,0,0,0,0
424,-843,-100,0,0,0,0,0,0
-121,-427,951,0,0,0,0,0,0
15,-360,-1,0,0,0,0,0,0
-621,989,86,0,0,0,0,0,0
-595,-710,-133,0,0,0,0,0,0
169,-807,272,0,0,0,0,0,0
80,-608,-216,0,0,0,0,0,0
370,486,562,0,0,0,0,0,0
725,-829,753,0,0,0,0,0,0
568,-190,631,0,0,0,0,0,0
-800,460,-716,0,0,0,0,0,0
-178,-206,-574,0,0,0,0,0,0
535,972,-388,0,0,0,0,0,0
-748,196,-590,0,0,0,0,0,0
-842,-18,501,0,0,0,0,0,0
-440,-353,610,0,0,0,0,0,0
-995,-389,-832,0,0,0,0,0,0
747,697,-884,0,0,0,0,0,0
-743,21,-989,0,0,0,0,0,0
13,805,-412,0,0,0,0,0,0
-907,107,960,0,0,0,0,0,0
152,87,-255,0,0,0,0,0,0
853,-351,-710,0,0,0,0,0,0
893,307,241,0,0,0,0,0,0
-300,973,-630,0,0,0,0,0,0
-24,-755,-608,0,0,0,0,0,0
-452,52,40,0,0,0,0,0,0
303,-482,-978,0,0,0,0,0,0
598,-912,-860,0,0,0,0,0,0
21,274,-973,0,0,0,0,0,0
210,-508,-935,0,0,0,0,0,0
308,-664,-181,0,0,0,0,0,0
-393,446,-629,0,0,0,0,0,0
897,-722,-229,0,0,0,0,0,0
633,-979,-272,0,0,0,0,0,0
299,-43,-384,0,0,0,0,0,0
273,163,833,0,0,0,0,0,0
-680,-25,-198,0,0,0,0,0,0
-805,-688,795,0,0,0,0,0,0
-629,-587,-122,0,0,0,0,0,0
183,879,3,0,0,0,0,0,0
370,-19,-831,0,0,0,0,0,0
-460,-4,-762,0,0,0,0,0,0
-284,459,450,0,0,0,0,0,0
-585,311,-523,0,0,0,0,0,0
-826,-546,579,0,0,0,0,0,0
-549,393,656,0,0,0,0,0,0
-593,-179,183,0,0,0,0,0,0
87,283,-926,0,0,0,0,0,0
-526,797,-565,0,0,0,0,0,0
194,-389,454,0,0,0,0,0,0
-918,603,-356,0,0,0,0,0,0
392,-306,446,0,0,0,0,0,0
128,-147,-200,0,0,0,0,0,0
502,170,777,0,0,0,0,0,0
977,921,689,0,0,0,0,0,0
797,186,-665,0,0,0,0,0,0
575,762,-589,0,0,0,0,0,0
66,320,-338,0,0,0,0,0,0
178,102,-978,0,0,0,0,0,0
-394,-427,788,0,0,0,0,0,0
-355,-774,419,0,0,0,0,0,0
127,-724,-661,0,0,0,0,0,0
-58,781,-815,0,0,0,0,0,0
596,587,-46,0,0,0,0,0,0
762,-756,-479,0,0,0,0,0,0
262,333,877,0,0,0,0,0,0
97,819,-658,0,0,0,0,0,0
-196,360,-97,0,0,0,0,0,0
606,259,786,0,0,0,0,0,0
602,57,-287,0,0,0,0,0,0
-78,693,422,0,0,0,0,0,0
429,785,112,0,0,0,0,0,0
591,695,-740,0,0,0,0,0,0
239,789,-593,0,0,0,0,0,0
-242,452,73,0,0,0,0,0,0
723,215,51,0,0,0,0,0,0
335,445,342,0,0,0,0,0,0
-755,-860,62,0,0,0,0,0,0
516,271,235,0,0,0,0,0,0
-305,-547,477,0,0,0,0,0,0
91,337,896,0,0,0,0,0,0
937,25,343,0,0,0,0,0,0
-628,-15,-90,0,0,0,0,0,0
-515,915,-580,0,0,0,0,0,0
-297,153,-754,0,0,0,0,0,0
38,-483,-78,0,0,0,0,0,0
392,-592,-44,0,0,0,0,0,0
116,-523,836,0,0,0,0,0,0
-998,-260,-386,0,0,0,0,0,0
-817,-544,-257,0,0,0,0,0,0
-57,835,-416,0,0,0,0,0,0
-535,452,121,0,0,0,0,0,0
-820,-292,-277,0,0,0,0,0,0
607,584,-115,0,0,0,0,0,0
-841,918,-192,0,0,0,0,0,0
123,-991,291,0,0,0,0,0,0
197,-270,-579,0,0,0,0,0,0
-545,427,35,0,0,0,0,0,0
-856,615,67,0,0,0,0,0,0
106,362,-85,0,0,0,0,0,0
688,922,-115,0,0,0,0,0,0
-901,41,-342,0,0,0,0,0,0
257,498,895,0,0,0,0,0,0
-735,453,-506,0,0,0,0,0,0
405,-280,-385,0,0,0,0,0,0
363,677,-252,0,0,0,0,0,0
-428,-392,-9,0,0,0,0,0,0
956,-241,-984,0,0,0,0,0,0
-765,322,650,0,0,0,0,0,0
-581,-365,-458,0,0,0,0,0,0
564,-75,-643,0,0,0,0,0,0
78,778,-52,0,0,0,0,0,0
-7,395,837,0,0,0,0,0,0
-637,-49,-459,0,0,0,0,0,0
152,-617,-24,0,0,0,0,0,0
131,-305,-307,0,0,0,0,0,0
-738,552,-252,0,0,0,0,0,0
386,-441,295,0,0,0,0,0,0
291,-842,108,0,0,0,0,0,0
-365,947,-132,0,0,0,0,0,0
551,-779,604,0,0,0,0,0,0
646,-181,-865,0,0,0,0,0,0
-332,-789,259,0,0,0,0,0,0
876,-339,-506,0,0,0,0,0,0
999,165,559,0,0,0,0,0,0
189,-978,-999,0,0,0,0,0,0
-686,169,-978,0,0,0,0,0,0
-728,-113,-653,0,0,0,0,0,0
914,-877,-972,0,0,0,0,0,0
947,-808,531,0,0,0,0,0,0
-890,-224,-843,0,0,0,0,0,0
843,420,81,0,0,0,0,0,0
-750,283,-458,0,0,0,0,0,0
-462,-178,-128,0,0,0,0,0,0
-76,-201,159,0,0,0,0,0,0
-10,334,309,0,0,0,0,0,0
854,-563,-863,0,0,0,0,0,0
-273,220,-904,0,0,0,0,0,0
-873,-309,485,0,0,0,0,0,0
-791,577,913,0,0,0,0,0,0
-194,622,-253,0,0,0,0,0,0
368,371,-632,0,0,0,0,0,0
-485,206,799,0,0,0,0,0,0
23,-778,-618,0,0,0,0,0,0
240,21,723,0,0,0,0,0,0
-756,181,262,0,0,0,0,0,0
-181,549,-860,0,0,0,0,0,0
455,261,-567,0,0,0,0,0,0
-573,841,820,0,0,0,0,0,0
-128,802,-504,0,0,0,0,0,0
-429,326,-385,0,0,0,0,0,0
-190,-447,340,0,0,0,0,0,0
-367,880,-326,0,0,0,0,0,0
102,248,-665,0,0,0,0,0,0
-944,348,-439,0,0,0,0,0,0
900,-147,587,0,0,0,0,0,0
-1000,798,98,0,0,0,0,0,0
961,-578,-944,0,0,0,0,0,0
732,-171,385,0,0,0,0,0,0
-577,-890,150,0,0,0,0,0,0
-342,-615,233,0,0,0,0,0,0
355,-630,892,0,0,0,0,0,0
-874,-721,18,0,0,0,0,0,0
-834,-381,521,0,0,0,0,0,0
741,-459,50,0,0,0,0,0,0
591,-73,-621,0,0,0,0,0,0
-338,-346,523,0,0,0,0,0,0
375,-526,990,0,0,0,0,0,0
8,-227,-978,0,0,0,0,0,0
-199,4,28,0,0,0,0,0,0
-435,-424,348,0,0,0,0,0,0
-365,648,-611,0,0,0,0,0,0
164,-674,588,0,0,0,0,0,0
721,30,-912,0,0,0,0,0,0
172,-487,-972,0,0,0,0,0,0
845,-286,118,0,0,0,0,0,0
-507,-200,349,0,0,0,0,0,0
-84,497,228,0,0,0,0,0,0
-795,825,-283,0,0,0,0,0,0
550,395,481,0,0,0,0,0,0
-701,-148,-828,0,0,0,0,0,0
578,362,943,0,0,0,0,0,0
837,-661,702,0,0,0,0,0,0
162,-487,225,0,0,0,0,0,0
-87,450,-669,0,0,0,0,0,0
-230,-782,-597,0,0,0,0,0,0
71,167,-402,0,0,0,0,0,0
-839,-619,-461,0,0,0,0,0,0
-44,298,898,0,0,0,0,0,0
-700,-78,-34,0,0,0,0,0,0
-65,-180,868,0,0,0,0,0,0
-326,62,-48,0,0,0,0,0,0
187,572,-596,0,0,0,0,0,0
-947,642,-444,0,0,0,0,0,0
-477,393,793,0,0,0,0,0,0
-593,-944,90,0,0,0,0,0,0
-673,-725,128,0,0,0,0,0,0
302,733,-330,0,0,0,0,0,0
82,-595,394,0,0,0,0,0,0
397,901,-338,0,0,0,0,0,0
-549,-737,598,0,0,0,0,0,0
-875,60,774,0,0,0,0,0,0
366,-238,402,0,0,0,0,0,0
-402,716,-190,0,0,0,0,0,0
586,780,319,0,0,0,0,0,0
-703,-143,26,0,0,0,0,0,0
-207,734,811,0,0,0,0,0,0
271,89,221,0,0,0,0,0,0
-861,-720,-970,0,0,0,0,0,0
572,574,-483,0,0,0,0,0,0
-511,723,207,0,0,0,0,0,0
-312,-278,-332,0,0,0,0,0,0
867,-451,208,0,0,0,0,0,0
804,-855,835,0,0,0,0,0,0
10,144,148,0,0,0,0,0,0
188,897,-919,0,0,0,0,0,0
-787,423,-819,0,0,0,0,0,0
-871,-731,-329,0,0,0,0,0,0
-80,-389,-415,0,0,0,0,0,0
866,331,-616,0,0,0,0,0,0
318,195,500,0,0,0,0,0,0
910,-28,-316,0,0,0,0,0,0
-935,-501,-144,0,0,0,0,0,0
538,-553,169,0,0,0,0,0,0
870,-150,469,0,0,0,0,0,0
492,287,112,0,0,0,0,0,0
953,-953,-688,0,0,0,0,0,0
-553,736,-181,0,0,0,0,0,0
-882,-739,76,0,0,0,0,0,0
159,-968,876,0,0,0,0,0,0
-625,-926,-586,0,0,0,0,0,0
-35,-371,998,0,0,0,0,0,0
-163,440,-400,0,0,0,0,0,0
452,-855,48,0,0,0,0,0,0
-155,557,-338,0,0,0,0,0,0
-426,506,-56,0,0,0,0,0,0
-154,977,-412,0,0,0,0,0,0
497,-199,602,0,0,0,0,0,0
278,-958,684,0,0,0,0,0,0
797,240,599,0,0,0,0,0,0
636,-606,-21,0,0,0,0,0,0
-182,-256,153,0,0,0,0,0,0
-64,976,-975,0,0,0,0,0,0
757,-694,-21,0,0,0,0,0,0
-643,-863,-609,0,0,0,0,0,0
-628,-776,-306,0,0,0,0,0,0
-956,485,258,0,0,0,0,0,0
-947,985,-442,0,0,0,0,0,0
-697,416,808,0,0,0,0,0,0
952,956,903,0,0,0,0,0,0
-484,-400,-841,0,0,0,0,0,0
-361,-377,-552,0,0,0,0,0,0
325,-331,-487,0,0,0,0,0,0
816,264,-422,0,0,0,0,0,0
-573,-548,-912,0,0,0,0,0,0
33,-602,-873,0,0,0,0,0,0
-424,-86,910,0,0,0,0,0,0
942,561,207,0,0,0,0,0,0
-280,79,41,0,0,0,0,0,0
427,-669,217,0,0,0,0,0,0
557,-62,609,0,0,0,0,0,0
-286,-9,734,0,0,0,0,0,0
-662,-854,-73,0,0,0,0,0,0
-732,278,508,0,0,0,0,0,0
290,-147,-557,0,0,0,0,0,0
657,-310,-570,0,0,0,0,0,0
-115,-991,723,0,0,0,0,0,0
921,27,-463,0,0,0,0,0,0
-511,635,334,0,0,0,0,0,0
-157,314,590,0,0,0,0,0,0
-118,-214,987,0,0,0,0,0,0
324,-268,-21,0,0,0,0,0,0
-125,374,-998,0,0,0,0,0,0
-125,138,503,0,0,0,0,0,0
367,837,556,0,0,0,0,0,0
672,937,493,0,0,0,0,0,0
-804,228,-533,0,0,0,0,0,0
131,428,114,0,0,0,0,0,0
947,469,-673,0,0,0,0,0,0
936,439,509,0,0,0,0,0,0
413,-686,948,0,0,0,0,0,0
-249,365,-51,0,0,0,0,0,0
-572,426,-996,0,0,0,0,0,0
834,710,152,0,0,0,0,0,0
246,-12,-259,0,0,0,0,0,0
-141,224,-585,0,0,0,0,0,0
-908,663,233,0,0,0,0,0,0
-697,477,-154,0,0,0,0,0,0
-595,-936,-375,0,0,0,0,0,0
-383,139,347,0,0,0,0,0,0
712,-658,-819,0,0,0,0,0,0
25,912,5,0,0,0,0,0,0
902,66,-66,0,0,0,0,0,0
-375,-367,-392,0,0,0,0,0,0
-75,-612,-606,0,0,0,0,0,0
-681,285,-194,0,0,0,0,0,0
399,-714,100,0,0,0,0,0,0
-969,-999,-977,0,0,0,0,0,0
154,-350,-482,0,0,0,0,0,0
-862,945,-13,0,0,0,0,0,0
431,-570,292,0,0,0,0,0,0
-85,-359,-491,0,0,0,0,0,0
-502,758,353,0,0,0,0,0,0
-27,781,-813,0,0,0,0,0,0
